1 2319
1 1519
1 1591
1 2379
1 2371
1 1680
1 1657
1 1938
1 1523
1 2629
2 597
2 1183
2 2434
2 3202
2 847
2 2439
2 1305
2 1345
2 3078
2 2863
3 2316
3 2603
3 249
3 1098
3 1988
3 1366
3 929
3 2705
3 1459
3 1102
4 3043
4 2377
4 2342
4 3018
4 2939
4 2895
4 2844
4 2519
4 3128
4 2436
5 2003
5 2035
5 1742
5 3137
5 1435
5 2357
5 2145
5 1188
5 1392
5 2718
6 2826
6 438
6 2828
6 3035
6 1543
6 2417
6 705
6 242
6 2230
6 2078
7 3043
7 371
7 3166
7 2950
7 270
7 2273
7 2903
7 2884
7 2226
7 2912
8 2625
8 2776
8 1461
8 2951
8 3068
8 1685
8 1462
8 2830
8 912
8 2500
9 3068
9 1461
9 1462
9 2372
9 2578
9 1912
9 1341
9 2138
9 3150
9 2776
10 2316
10 2603
10 249
10 1098
10 1795
10 1366
10 2705
10 1262
10 1459
10 1102
11 2316
11 2923
11 3148
11 2603
11 249
11 3150
11 2906
11 1923
11 3171
11 2705
12 1461
12 3068
12 1462
12 2867
12 2319
12 2138
12 1912
12 1341
12 2840
12 3127
13 2748
13 2897
13 48
13 1362
13 2491
13 1901
13 195
13 2078
13 2711
13 1652
14 3011
14 371
14 3166
14 1873
14 1724
14 2674
14 2819
14 2263
14 2679
14 2170
15 1231
15 2835
15 2611
15 2464
15 2344
15 1947
15 2929
15 3080
15 2616
15 3125
16 2740
16 1461
16 3068
16 1324
16 1462
16 2629
16 2160
16 1846
16 1226
16 855
17 2491
17 2748
17 1757
17 2897
17 48
17 1362
17 195
17 1223
17 2527
17 2117
18 249
18 1988
18 2897
18 1795
18 1811
18 48
18 2316
18 1362
18 2491
18 2603
19 371
19 3166
19 2884
19 2950
19 950
19 2226
19 2767
19 2273
19 1660
19 1796
20 2630
20 371
20 3166
20 2490
20 1047
20 2273
20 2289
20 3152
20 2177
20 2884
21 3166
21 371
21 2226
21 2950
21 2325
21 1658
21 2454
21 2936
21 2884
21 1659
22 2384
22 2441
22 2564
22 2637
22 2638
22 2751
22 2473
22 2924
22 371
22 2674
23 3166
23 371
23 1873
23 2709
23 3148
23 2884
23 2950
23 1862
23 2594
23 2226
24 3043
24 2342
24 2376
24 412
24 1696
24 3141
24 2844
24 268
24 20
24 293
25 2318
25 1653
25 3136
25 436
25 1341
25 2812
25 322
25 2852
25 2535
25 417
26 1461
26 3068
26 1462
26 2578
26 2626
26 1341
26 2840
26 2867
26 104
26 2319
27 1461
27 3011
27 2798
27 2988
27 3068
27 2918
27 1462
27 2262
27 2669
27 2902
28 3032
28 2949
28 2890
28 2776
28 2197
28 1695
28 2951
28 1685
28 2849
28 1989
29 1933
29 1539
29 1537
29 1538
29 2089
29 1840
29 2462
29 1841
29 1783
29 626
30 1912
30 1341
30 3150
30 1387
30 2882
30 2138
30 1462
30 1324
30 25
30 1461
31 3047
31 1686
31 1144
31 1424
31 1261
31 195
31 2370
31 2727
31 2826
31 3013
32 2630
32 2177
32 3139
32 2490
32 2289
32 1847
32 1481
32 2172
32 2461
32 1563
33 2325
33 1954
33 2043
33 1782
33 2805
33 1404
33 1104
33 1809
33 1501
33 1353
34 1524
34 1644
34 1643
34 1999
34 125
34 340
34 341
34 819
34 1080
34 5
35 1386
35 1397
35 3071
35 2090
35 371
35 2414
35 1941
35 2415
35 1474
35 125
36 2110
36 2061
36 1265
36 2030
36 1350
36 2739
36 1768
36 1131
36 2546
36 1020
37 2265
37 2651
37 2956
37 2376
37 3103
37 2941
37 618
37 2470
37 3031
37 2632
38 2651
38 2958
38 3103
38 2956
38 3031
38 1359
38 2941
38 2406
38 2046
38 2141
39 2651
39 2406
39 1861
39 3103
39 2958
39 2956
39 2316
39 1098
39 2603
39 2705
40 1098
40 2316
40 2603
40 249
40 2406
40 1366
40 2705
40 1485
40 1459
40 2956
41 2578
41 3043
41 1341
41 1912
41 3150
41 3148
41 1754
41 1387
41 2327
41 1484
42 2318
42 1653
42 462
42 436
42 2215
42 678
42 204
42 2535
42 2402
42 2894
43 2569
43 1554
43 1260
43 633
43 3107
43 525
43 1404
43 1809
43 2494
43 931
44 2829
44 1404
44 1260
44 2325
44 525
44 2494
44 1809
44 633
44 931
44 461
45 2318
45 3137
45 1412
45 2984
45 2319
45 1032
45 2542
45 2452
45 2114
45 1976
46 1457
46 1653
46 329
46 891
46 1699
46 2990
46 1516
46 1032
46 2711
46 3134
47 2288
47 891
47 1699
47 1236
47 275
47 2070
47 3134
47 2990
47 2318
47 1457
48 371
48 1066
48 3166
48 2226
48 2325
48 2273
48 2509
48 2884
48 2767
48 1863
49 651
49 3134
49 2882
49 239
49 1699
49 652
49 2985
49 2479
49 1912
49 1514
50 891
50 3134
50 1457
50 1699
50 634
50 2288
50 651
50 1811
50 275
50 2070
51 1811
51 3006
51 371
51 3075
51 3166
51 3156
51 2714
51 2884
51 2950
51 950
52 2721
52 1366
52 3070
52 557
52 757
52 1030
52 1207
52 1208
52 1329
52 238
53 139
53 514
53 569
53 2981
53 2327
53 373
53 1817
53 1887
53 495
53 1948
54 2958
54 2651
54 2155
54 3103
54 2470
54 2705
54 2406
54 1098
54 3031
54 2842
55 1896
55 1898
55 1355
55 1993
55 1739
55 2650
55 2921
55 2316
55 2603
55 249
56 2327
56 2316
56 2603
56 249
56 2323
56 2931
56 1098
56 1678
56 1366
56 1397
57 3077
57 1106
57 1137
57 196
57 437
57 3140
57 209
57 1132
57 223
57 3155
58 1344
58 1252
58 2634
58 1474
58 2379
58 69
58 2541
58 3087
58 1631
58 3166
59 2808
59 1441
59 1681
59 2268
59 1456
59 891
59 1620
59 1703
59 2437
59 292
60 2967
60 3025
60 3087
60 1518
60 2882
60 2876
60 1532
60 3136
60 2151
60 2138
61 634
61 2711
61 1236
61 3134
61 1935
61 2070
61 3129
61 1457
61 891
61 239
62 2327
62 2932
62 1961
62 950
62 1262
62 1948
62 3007
62 141
62 1648
62 3086
63 3166
63 371
63 2884
63 3061
63 1795
63 2679
63 2950
63 950
63 2226
63 2767
64 2168
64 1588
64 2513
64 527
64 1549
64 2651
64 2723
64 3106
64 1424
64 1972
