1 26
1 27
1 28
1 30
1 34
1 35
1 43
1 45
1 54
1 75
2 6
2 12
2 38
2 41
2 59
2 72
2 83
2 84
2 85
2 86
3 2
3 4
3 7
3 8
3 10
3 11
3 13
3 14
3 16
3 17
4 22
4 113
4 130
4 131
4 194
4 250
4 315
4 342
4 360
4 388
5 49
5 100
5 121
5 249
5 331
5 412
5 602
5 641
5 657
5 660
6 33
6 50
6 99
6 169
6 234
6 279
6 287
6 398
6 410
6 482
7 16
7 17
7 21
7 22
7 37
7 76
7 102
7 113
7 114
7 122
8 6
8 12
8 38
8 41
8 72
8 83
8 85
8 108
8 116
8 135
9 4
9 7
9 8
9 10
9 13
9 19
9 20
9 23
9 49
9 57
10 2
10 9
10 20
10 26
10 27
10 28
10 29
10 30
10 33
10 36
11 2051
11 1035
11 2078
11 3102
11 2084
11 1588
11 1084
11 2112
11 2629
11 1102
12 18
12 25
12 46
12 59
12 2130
12 84
12 86
12 2137
12 2158
12 2166
13 2
13 9
13 20
13 26
13 27
13 28
13 29
13 30
13 33
13 34
14 4
14 6
14 7
14 8
14 10
14 11
14 13
14 14
14 16
14 17
15 2
15 6
15 16
15 21
15 22
15 37
15 53
15 98
15 102
15 112
16 2
16 11
16 14
16 16
16 21
16 22
16 37
16 53
16 76
16 98
17 2
17 6
17 11
17 14
17 16
17 17
17 21
17 22
17 37
17 51
18 4
18 7
18 8
18 10
18 13
18 19
18 23
18 49
18 57
18 64
19 2561
19 2579
19 3094
19 2081
19 1572
19 2092
19 3116
19 2606
19 3118
19 3124
20 20
20 30
20 47
20 68
20 83
20 86
20 89
20 94
20 95
20 99
21 4
21 7
21 8
21 10
21 13
21 19
21 20
21 23
21 36
21 49
22 8
22 49
22 64
22 77
22 97
22 100
22 133
22 207
22 238
22 365
23 4
23 7
23 8
23 10
23 13
23 19
23 20
23 23
23 36
23 49
24 2062
24 2065
24 1554
24 1051
24 1563
24 3115
24 2622
24 3138
24 78
24 1110
25 2
25 6
25 11
25 14
25 16
25 17
25 21
25 51
25 53
25 76
26 6
26 12
26 38
26 40
26 41
26 70
26 72
26 83
26 85
26 90
27 2
27 4
27 6
27 7
27 8
27 10
27 11
27 13
27 14
27 16
28 12
28 38
28 72
28 85
28 108
28 135
28 148
28 157
28 173
28 206
29 4
29 7
29 8
29 10
29 13
29 19
29 20
29 23
29 36
29 49
30 39
30 69
30 93
30 94
30 95
30 222
30 303
30 350
30 367
30 405
31 50
31 169
31 398
31 482
31 756
31 830
31 853
31 910
31 1103
31 1532
32 169
32 287
32 398
32 795
32 830
32 853
32 1532
32 2425
32 2477
32 2549
33 22
33 194
33 455
33 480
33 522
33 534
33 557
33 622
33 722
33 723
34 2
34 4
34 7
34 8
34 10
34 11
34 13
34 14
34 16
34 17
35 2
35 16
35 22
35 53
35 98
35 113
35 114
35 137
35 164
35 166
36 2
36 9
36 20
36 26
36 27
36 33
36 34
36 35
36 36
36 43
37 50
37 52
37 163
37 196
37 279
37 287
37 818
37 830
37 853
37 862
38 1
38 25
38 26
38 35
38 65
38 74
38 79
38 91
38 120
38 121
39 2
39 4
39 7
39 8
39 10
39 11
39 13
39 14
39 16
39 17
40 36
40 50
40 53
40 60
40 94
40 99
40 112
40 117
40 175
40 189
41 11
41 14
41 16
41 21
41 22
41 37
41 53
41 76
41 102
41 112
42 8
42 20
42 36
42 49
42 64
42 77
42 97
42 100
42 121
42 133
43 11
43 14
43 16
43 17
43 21
43 51
43 53
43 76
43 89
43 98
44 6
44 8
44 11
44 14
44 16
44 17
44 21
44 51
44 53
44 76
45 2
45 16
45 21
45 22
45 37
45 76
45 80
45 102
45 113
45 114
46 23
46 49
46 57
46 64
46 100
46 121
46 249
46 378
46 399
46 412
47 1
47 23
47 25
47 26
47 35
47 38
47 43
47 44
47 45
47 57
48 2
48 16
48 76
48 113
48 114
48 122
48 137
48 147
48 164
48 165
49 4
49 7
49 10
49 13
49 16
49 17
49 19
49 37
49 76
49 80
50 6
50 12
50 38
50 40
50 41
50 59
50 70
50 72
50 83
50 84
51 4
51 7
51 8
51 10
51 13
51 19
51 20
51 23
51 36
51 49
52 4
52 7
52 8
52 10
52 13
52 19
52 20
52 23
52 36
52 49
53 6
53 8
53 9
53 2078
53 31
53 32
53 36
53 37
53 2086
53 41
54 2
54 37
54 51
54 53
54 88
54 98
54 112
54 113
54 130
54 131
55 2
55 4
55 6
55 7
55 8
55 10
55 13
55 16
55 17
55 19
56 2
56 16
56 17
56 22
56 37
56 76
56 80
56 102
56 113
56 114
57 3
57 5
57 9
57 18
57 29
57 31
57 32
57 34
57 41
57 55
58 23
58 57
58 64
58 100
58 121
58 207
58 331
58 412
58 442
58 454
59 6
59 11
59 14
59 16
59 17
59 21
59 22
59 37
59 53
59 76
60 30
60 83
60 99
60 208
60 380
60 443
60 524
60 532
60 553
60 555
61 4
61 7
61 10
61 13
61 16
61 17
61 19
61 21
61 22
61 37
62 4
62 7
62 8
62 10
62 13
62 19
62 23
62 49
62 57
62 64
63 4
63 7
63 8
63 10
63 13
63 19
63 23
63 49
63 57
63 64
64 4
64 7
64 10
64 13
64 19
64 36
64 92
64 133
64 207
64 238
