1 195
1 2312
1 60
1 190
1 277
1 334
1 367
1 398
1 586
1 798
2 2863
2 2434
2 47
2 123
2 2250
2 58
2 847
2 1403
2 1424
2 1439
3 62
3 1521
3 100
3 929
3 628
3 1102
3 1466
3 1923
3 265
3 3189
4 2844
4 18
4 200
4 201
4 204
4 648
4 967
4 1321
4 1343
4 1881
5 173
5 2960
5 606
5 153
5 333
5 2192
5 756
5 529
5 946
5 18
6 438
6 530
6 2417
6 704
6 705
6 887
6 888
6 697
6 2909
6 2671
7 1342
7 1953
7 2007
7 2417
7 2830
7 2256
7 356
7 740
7 2505
7 1660
8 2830
8 3
8 8
8 2383
8 517
8 757
8 2614
8 912
8 1611
8 856
9 1266
9 2487
9 52
9 88
9 1780
9 666
9 18
9 25
9 239
9 795
10 141
10 392
10 1341
10 1380
10 1960
10 2080
10 2740
10 2952
10 3073
10 2514
11 1032
11 1544
11 3092
11 40
11 2621
11 74
11 1613
11 81
11 1113
11 111
12 3196
12 2210
12 2297
12 2357
12 2365
12 2482
12 2500
12 2556
12 585
12 2668
13 104
13 1974
13 2616
13 3125
13 1807
13 3054
13 1947
13 117
13 164
13 598
14 2976
14 132
14 662
14 701
14 841
14 853
14 857
14 2348
14 2397
14 2563
15 2464
15 2611
15 820
15 1737
15 1231
15 307
15 507
15 1191
15 2880
15 457
16 307
16 507
16 1191
16 43
16 225
16 107
16 394
16 395
16 416
16 428
17 2464
17 2611
17 31
17 66
17 93
17 195
17 230
17 797
17 1064
17 1187
18 2156
18 2706
18 1741
18 763
18 2551
18 2658
18 11
18 14
18 414
18 2661
19 1536
19 3073
19 2060
19 1554
19 2080
19 1569
19 1603
19 1613
19 3175
19 141
20 144
20 661
20 2199
20 2442
20 2506
20 2780
20 2695
20 1481
20 1828
20 2161
21 2703
21 3007
21 1836
21 345
21 346
21 425
21 876
21 877
21 883
21 1162
22 2441
22 2564
22 2637
22 2638
22 266
22 2384
22 765
22 840
22 884
22 2238
23 52
23 88
23 1780
23 2578
23 69
23 72
23 80
23 147
23 481
23 830
24 1540
24 2742
24 2767
24 1235
24 268
24 2882
24 1892
24 1435
24 2535
24 1410
25 819
25 1177
25 2258
25 18
25 25
25 597
25 795
25 987
25 1043
25 1461
26 2844
26 856
26 1050
26 1069
26 1755
26 2357
26 2482
26 2723
26 2796
26 3067
27 2577
27 1050
27 2796
27 155
27 3063
27 1461
27 2818
27 856
27 1428
27 18
28 2614
28 2445
28 2562
28 356
28 740
28 517
28 757
28 383
28 666
28 36
29 1295
29 2806
29 1094
29 1408
29 1537
29 1538
29 1840
29 1841
29 2089
29 2462
30 2909
30 1256
30 84
30 2541
30 195
30 18
30 25
30 59
30 86
30 143
31 2415
31 195
31 198
31 1660
31 1796
31 1952
31 394
31 1802
31 2244
31 1085
32 1481
32 2172
32 2461
32 2290
32 2444
32 1804
32 1899
32 1342
32 1953
32 2007
33 167
33 1990
33 1791
33 1802
33 1141
33 559
33 315
33 1899
33 1979
33 2124
34 5
34 35
34 1803
34 1949
34 62
34 125
34 340
34 341
34 765
34 819
35 1
35 54
35 55
35 93
35 99
35 62
35 819
35 156
35 176
35 206
36 204
36 633
36 2982
36 3183
36 1131
36 2733
36 1141
36 1874
36 3028
36 2084
37 457
37 2241
37 2243
37 2244
37 24
37 183
37 560
37 2242
37 538
37 549
38 18
38 200
38 201
38 204
38 648
38 879
38 880
38 967
38 1321
38 1343
39 2425
39 100
39 628
39 1102
39 1466
39 230
39 602
39 3159
39 195
39 234
40 651
40 1102
40 920
40 2814
40 1142
40 205
40 2192
40 1466
40 1923
40 249
41 52
41 1780
41 18
41 25
41 795
41 1461
41 2405
41 2578
41 88
41 740
42 2641
42 2789
42 1335
42 204
42 535
42 2528
42 2529
42 3162
42 2711
42 179
43 1335
43 52
43 62
43 87
43 1521
43 2602
43 3107
43 204
43 47
43 67
44 85
44 167
44 631
44 826
44 1104
44 1141
44 1250
44 1780
44 238
44 1732
45 1780
45 263
45 75
45 41
45 476
45 477
45 581
45 821
45 827
45 1830
46 2641
46 2789
46 985
46 798
46 1830
46 819
46 1177
46 18
46 34
46 145
47 292
47 2278
47 75
47 2575
47 1994
47 2235
47 275
47 32
47 1372
47 1715
48 47
48 1660
48 1796
48 1952
48 1953
48 2007
48 270
48 1342
48 2830
48 27
49 25
49 1097
49 1461
49 2405
49 2690
49 798
49 1830
49 987
49 2583
49 275
50 249
50 763
50 1324
50 1923
50 2128
50 141
50 392
50 1200
50 1302
50 1603
51 763
51 1852
51 1923
51 2664
51 2022
51 2085
51 2769
51 2872
51 141
51 392
52 557
52 757
52 1207
52 1208
52 2725
52 1329
52 238
52 643
52 2596
52 3051
53 2229
53 139
53 514
53 569
53 2613
53 1691
53 1933
53 2192
53 679
53 2476
54 2295
54 3186
54 1789
54 463
54 1466
54 1923
54 188
54 382
54 2578
54 307
55 1355
55 1896
55 1898
55 1993
55 28
55 344
55 510
55 544
55 1287
55 1489
56 1355
56 1896
56 1898
56 1993
56 1
56 44
56 54
56 55
56 393
56 463
57 196
57 1
57 65
57 176
57 209
57 875
57 1715
57 233
57 1132
57 1106
58 50
58 382
58 287
58 344
58 510
58 544
58 1287
58 356
58 740
58 933
59 344
59 510
59 544
59 1287
59 28
59 161
59 191
59 2121
59 929
59 1837
60 2976
60 234
60 653
60 1142
60 28
60 510
60 544
60 1287
60 1818
60 1532
61 2641
61 2789
61 1287
61 1597
61 1830
61 399
61 635
61 1151
61 2067
61 344
62 2430
62 2790
62 1266
62 1648
62 2057
62 2333
62 2975
62 3007
62 1136
62 141
63 141
63 392
63 1380
63 804
63 1342
63 1374
63 1660
63 1796
63 1851
63 1952
64 2815
64 482
64 572
64 573
64 627
64 793
64 1826
64 2162
64 2725
64 457
