1 190
1 31
1 55
1 866
1 1461
1 29
1 67
1 219
1 294
1 398
2 563
2 569
2 648
2 740
2 1660
2 1796
2 1952
2 2100
2 206
2 290
3 723
3 929
3 557
3 1466
3 53
3 206
3 607
3 722
3 729
3 760
4 663
4 709
4 723
4 743
4 913
4 929
4 31
4 229
4 255
4 374
5 427
5 487
5 714
5 723
5 110
5 261
5 328
5 500
5 557
5 602
6 723
6 557
6 602
6 866
6 985
6 1461
6 1466
6 53
6 206
6 398
7 2007
7 723
7 356
7 557
7 602
7 648
7 740
7 1660
7 1796
7 1952
8 1461
8 29
8 206
8 791
8 797
8 9
8 25
8 34
8 72
8 145
9 602
9 1461
9 206
9 791
9 1107
9 1312
9 4
9 7
9 10
9 13
10 1466
10 29
10 797
10 9
10 34
10 119
10 145
10 311
10 908
10 1102
11 1466
11 1102
11 81
11 1138
11 74
11 2814
11 1142
11 463
11 3123
11 198
12 1461
12 25
12 2690
12 18
12 1996
12 597
12 652
12 1360
12 238
12 2405
13 31
13 29
13 797
13 9
13 34
13 145
13 195
13 311
13 908
13 1103
14 2007
14 723
14 132
14 557
14 1660
14 1796
14 1952
14 29
14 53
14 307
15 723
15 557
15 602
15 866
15 985
15 1461
15 1466
15 53
15 219
15 307
16 723
16 395
16 557
16 602
16 866
16 985
16 1076
16 1461
16 1466
16 53
17 723
17 31
17 557
17 602
17 53
17 607
17 722
17 729
17 760
17 797
18 31
18 602
18 1466
18 29
18 797
18 1107
18 1312
18 4
18 7
18 9
19 2007
19 1660
19 1796
19 1952
19 1342
19 1374
19 2417
19 141
19 804
19 371
20 2007
20 1660
20 1796
20 1952
20 2172
20 555
20 749
20 1342
20 1481
20 2461
21 2007
21 602
21 1660
21 1796
21 1952
21 1107
21 1312
21 1342
21 4
21 7
22 217
22 2007
22 663
22 709
22 229
22 374
22 375
22 376
22 542
22 557
23 2007
23 602
23 627
23 1660
23 1796
23 1952
23 793
23 1107
23 1312
23 1342
24 412
24 2844
24 268
24 293
24 927
24 1438
24 1563
24 618
24 20
24 3184
25 217
25 723
25 557
25 602
25 1461
25 53
25 607
25 722
25 729
25 760
26 1461
26 206
26 791
26 25
26 72
26 526
26 928
26 1138
26 121
26 135
27 155
27 723
27 557
27 1461
27 53
27 607
27 722
27 729
27 760
27 915
28 2007
28 723
28 356
28 557
28 602
28 648
28 740
28 866
28 985
28 1461
29 2007
29 602
29 1094
29 1660
29 1796
29 1952
29 294
29 738
29 1107
29 1312
30 359
30 377
30 613
30 866
30 985
30 1461
30 1466
30 700
30 953
30 1107
31 379
31 427
31 473
31 487
31 714
31 723
31 790
31 802
31 863
31 913
32 2007
32 427
32 487
32 714
32 723
32 743
32 913
32 929
32 31
32 110
33 190
33 227
33 305
33 306
33 379
33 565
33 579
33 663
33 709
33 716
34 723
34 1074
34 55
34 255
34 340
34 341
34 557
34 898
34 923
34 1311
35 2007
35 127
35 199
35 227
35 305
35 306
35 427
35 473
35 487
35 565
36 127
36 199
36 227
36 305
36 306
36 427
36 473
36 487
36 565
36 579
37 190
37 155
37 663
37 709
37 723
37 110
37 229
37 302
37 374
37 375
38 663
38 709
38 723
38 743
38 913
38 929
38 31
38 229
38 255
38 359
39 723
39 557
39 602
39 1466
39 1660
39 1796
39 1952
39 53
39 206
39 555
40 190
40 155
40 110
40 302
40 418
40 420
40 422
40 456
40 465
40 509
41 2007
41 723
41 774
41 916
41 938
41 1125
41 261
41 356
41 395
41 402
42 217
42 557
42 602
42 819
42 859
42 1000
42 1107
42 1177
42 1312
42 2329
43 217
43 723
43 557
43 602
43 866
43 1660
43 1796
43 1952
43 53
43 67
44 217
44 723
44 557
44 1660
44 1796
44 1952
44 53
44 607
44 722
44 729
45 190
45 379
45 723
45 557
45 602
45 1660
45 1796
45 1952
45 53
45 294
46 723
46 557
46 602
46 919
46 985
46 1660
46 1796
46 1952
46 53
46 219
47 190
47 663
47 709
47 723
47 229
47 374
47 375
47 376
47 542
47 557
48 190
48 217
48 2007
48 127
48 155
48 199
48 227
48 305
48 306
48 427
49 155
49 723
49 110
49 420
49 422
49 557
49 562
49 648
49 739
49 745
50 206
50 791
50 797
50 72
50 526
50 928
50 1138
50 135
50 141
50 148
51 2007
51 602
51 1660
51 1796
51 1952
51 1107
51 1312
51 1342
51 4
51 7
52 557
52 602
52 206
52 791
52 1107
52 1312
52 4
52 7
52 10
52 13
53 743
53 913
53 929
53 31
53 2182
53 139
53 223
53 255
53 328
53 385
54 155
54 663
54 709
54 723
54 110
54 223
54 229
54 374
54 375
54 376
55 723
55 557
55 1466
55 53
55 219
55 607
55 722
55 729
55 760
55 915
56 723
56 55
56 557
56 602
56 1466
56 1660
56 1796
56 1952
56 53
56 398
57 190
57 217
57 2007
57 127
57 155
57 199
57 227
57 305
57 306
57 379
58 190
58 2007
58 723
58 212
58 356
58 359
58 377
58 420
58 501
58 504
59 723
59 929
59 557
59 602
59 919
59 1137
59 1660
59 1796
59 1952
59 29
60 190
60 127
60 199
60 686
60 139
60 228
60 326
60 422
60 445
60 508
61 190
61 723
61 302
61 418
61 456
61 465
61 509
61 557
61 613
61 1123
62 212
62 420
62 501
62 504
62 506
62 513
62 602
62 703
62 1449
62 1762
63 2007
63 602
63 1660
63 1796
63 1952
63 29
63 797
63 1107
63 1312
63 1342
64 190
64 863
64 1074
64 326
64 328
64 359
64 377
64 445
64 602
64 604
