1 2
1 6
1 9
1 11
1 14
1 20
1 23
1 24
1 26
1 27
2 2
2 6
2 12
2 18
2 27
2 28
2 33
2 36
2 38
2 40
3 2
3 4
3 6
3 7
3 8
3 10
3 11
3 12
3 13
3 14
4 1
4 2
4 3
4 4
4 6
4 7
4 8
4 9
4 10
4 11
5 2
5 3
5 4
5 6
5 7
5 8
5 10
5 11
5 12
5 13
6 2
6 3
6 4
6 6
6 7
6 8
6 10
6 11
6 12
6 13
7 2
7 3
7 4
7 6
7 7
7 8
7 9
7 10
7 11
7 12
8 2
8 3
8 6
8 8
8 9
8 12
8 18
8 20
8 25
8 26
9 4
9 6
9 7
9 8
9 10
9 12
9 13
9 18
9 19
9 20
10 2
10 9
10 20
10 26
10 27
10 28
10 29
10 30
10 33
10 34
11 2560
11 2051
11 3077
11 1542
11 1032
11 1544
11 3080
11 1035
11 3081
11 3084
12 18
12 25
12 2080
12 46
12 2095
12 2106
12 59
12 2111
12 2127
12 2130
13 2
13 9
13 20
13 26
13 27
13 28
13 29
13 30
13 31
13 33
14 2
14 4
14 6
14 7
14 8
14 9
14 10
14 11
14 13
14 14
15 2
15 3
15 4
15 6
15 7
15 8
15 10
15 11
15 13
15 14
16 2
16 3
16 4
16 6
16 7
16 8
16 10
16 11
16 12
16 13
17 2
17 4
17 6
17 7
17 8
17 10
17 11
17 13
17 14
17 16
18 2
18 4
18 7
18 8
18 9
18 10
18 11
18 13
18 14
18 19
19 1536
19 2561
19 3073
19 3075
19 2053
19 2570
19 2060
19 1551
19 1554
19 2579
20 20
20 30
20 40
20 47
20 48
20 63
20 68
20 70
20 71
20 78
21 4
21 7
21 8
21 10
21 13
21 19
21 20
21 23
21 36
21 40
22 1
22 2
22 4
22 6
22 7
22 8
22 9
22 10
22 11
22 12
23 4
23 7
23 8
23 10
23 13
23 19
23 20
23 23
23 36
23 40
24 3072
24 3073
24 1540
24 1541
24 3078
24 3081
24 2060
24 2062
24 2065
24 1554
25 2
25 4
25 6
25 7
25 8
25 10
25 11
25 13
25 14
25 16
26 6
26 12
26 18
26 25
26 38
26 40
26 41
26 46
26 48
26 59
27 2
27 4
27 6
27 7
27 8
27 10
27 11
27 13
27 14
27 16
28 2
28 3
28 4
28 6
28 7
28 8
28 9
28 10
28 11
28 12
29 4
29 7
29 8
29 10
29 13
29 19
29 20
29 23
29 36
29 40
30 3
30 8
30 11
30 14
30 16
30 17
30 18
30 20
30 22
30 23
31 2
31 3
31 4
31 5
31 6
31 7
31 8
31 9
31 10
31 11
32 2
32 3
32 4
32 6
32 7
32 8
32 9
32 10
32 11
32 12
33 1
33 2
33 3
33 4
33 5
33 6
33 7
33 8
33 9
33 10
34 2
34 4
34 5
34 6
34 7
34 8
34 9
34 10
34 11
34 12
35 1
35 2
35 3
35 4
35 6
35 7
35 8
35 9
35 10
35 11
36 1
36 2
36 9
36 20
36 26
36 27
36 28
36 29
36 30
36 33
37 1
37 2
37 4
37 5
37 6
37 7
37 8
37 9
37 10
37 11
38 1
38 2
38 3
38 4
38 6
38 7
38 8
38 9
38 10
38 11
39 2
39 4
39 6
39 7
39 8
39 10
39 11
39 12
39 13
39 14
40 2
40 3
40 5
40 6
40 8
40 9
40 11
40 12
40 14
40 17
41 2
41 4
41 6
41 7
41 8
41 9
41 10
41 11
41 12
41 13
42 3
42 4
42 7
42 8
42 10
42 13
42 19
42 20
42 22
42 23
43 2
43 4
43 5
43 6
43 7
43 8
43 10
43 11
43 13
43 14
44 2
44 4
44 6
44 7
44 8
44 10
44 11
44 13
44 14
44 16
45 2
45 4
45 6
45 7
45 8
45 10
45 11
45 13
45 14
45 16
46 2
46 4
46 6
46 7
46 8
46 10
46 11
46 13
46 14
46 16
47 1
47 2
47 4
47 6
47 7
47 8
47 10
47 11
47 13
47 14
48 2
48 4
48 5
48 6
48 7
48 8
48 9
48 10
48 11
48 12
49 2
49 4
49 6
49 7
49 8
49 9
49 10
49 11
49 12
49 13
50 6
50 12
50 38
50 40
50 41
50 46
50 48
50 59
50 68
50 69
51 4
51 7
51 8
51 10
51 13
51 19
51 20
51 23
51 36
51 40
52 4
52 6
52 7
52 8
52 10
52 12
52 13
52 19
52 20
52 23
53 2048
53 3
53 2052
53 6
53 2055
53 8
53 9
53 2058
53 2059
53 2060
54 1
54 2
54 4
54 6
54 7
54 8
54 9
54 10
54 11
54 13
55 2
55 4
55 6
55 7
55 8
55 10
55 11
55 13
55 14
55 16
56 1
56 2
56 4
56 6
56 7
56 8
56 10
56 11
56 13
56 14
57 1
57 2
57 3
57 4
57 5
57 6
57 7
57 8
57 9
57 10
58 2
58 4
58 6
58 7
58 8
58 9
58 10
58 11
58 13
58 14
59 1
59 2
59 4
59 6
59 7
59 8
59 9
59 10
59 11
59 13
60 2
60 4
60 6
60 7
60 8
60 10
60 11
60 12
60 13
60 14
61 2
61 4
61 5
61 6
61 7
61 8
61 10
61 11
61 13
61 14
62 2
62 4
62 7
62 8
62 9
62 10
62 13
62 16
62 18
62 19
63 2
63 4
63 7
63 8
63 9
63 10
63 13
63 19
63 20
63 23
64 2
64 3
64 4
64 7
64 8
64 10
64 11
64 13
64 14
64 16
