1 2319
1 1069
1 1844
1 1938
1 1755
1 999
1 2218
1 2685
1 1071
1 397
2 1268
2 2393
2 397
2 2215
2 3136
2 2642
2 1931
2 2845
2 584
2 1584
3 1678
3 762
3 2084
3 2685
3 1304
3 2897
3 2254
3 661
3 1003
3 3150
4 3049
4 1678
4 3103
4 3021
4 1323
4 2844
4 1584
4 2060
4 3141
4 3148
5 1053
5 2145
5 2271
5 234
5 3011
5 1962
5 1435
5 2753
5 1238
5 1824
6 2826
6 2753
6 2502
6 2873
6 2078
6 492
6 1341
6 3185
6 3150
6 397
7 1873
7 3021
7 3148
7 2668
7 2903
7 1755
7 3141
7 3166
7 2884
7 2263
8 2625
8 1685
8 2830
8 1261
8 1928
8 40
8 492
8 1505
8 441
8 2358
9 3068
9 1685
9 1261
9 3011
9 1928
9 3158
9 3148
9 441
9 2358
9 3082
10 1158
10 2685
10 762
10 2084
10 1678
10 2700
10 2896
10 3075
10 2401
10 2254
11 795
11 3148
11 3150
11 2084
11 762
11 1678
11 2897
11 3052
11 1923
11 2254
12 1069
12 1755
12 2319
12 3068
12 1247
12 1930
12 795
12 1511
12 1848
12 2358
13 2897
13 2491
13 2464
13 2611
13 1204
13 1232
13 2835
13 2078
13 1947
13 2537
14 3011
14 1873
14 2397
14 2263
14 2817
14 2674
14 1961
14 3132
14 3164
14 856
15 2464
15 2611
15 2835
15 3118
15 1755
15 2685
15 1947
15 658
15 1961
15 2897
16 3021
16 3141
16 849
16 3002
16 3114
16 2378
16 1755
16 1961
16 3049
16 1069
17 2491
17 2897
17 2464
17 2611
17 1204
17 1232
17 2835
17 2117
17 2495
17 2586
18 2897
18 2685
18 2491
18 1158
18 3075
18 3156
18 1204
18 1232
18 2896
18 1678
19 1873
19 2685
19 1158
19 3166
19 2884
19 2700
19 2896
19 2263
19 3075
19 2674
20 2161
20 2430
20 2752
20 2790
20 2934
20 1873
20 494
20 2133
20 2524
20 1047
21 1873
21 345
21 346
21 877
21 1494
21 1659
21 3166
21 3118
21 1309
21 3132
22 266
22 2751
22 1915
22 2827
22 3049
22 2367
22 2845
22 2674
22 1873
22 2829
23 1873
23 1431
23 3148
23 3082
23 3011
23 2934
23 2276
23 3166
23 2884
23 2433
24 1194
24 3141
24 1678
24 2844
24 2535
24 1435
24 3073
24 2378
24 20
24 1441
25 1653
25 591
25 589
25 590
25 708
25 2617
25 1938
25 2318
25 3136
25 2535
26 2626
26 2844
26 1069
26 1755
26 2319
26 3068
26 2938
26 638
26 2878
26 972
27 3011
27 2502
27 2319
27 2297
27 1069
27 1755
27 2358
27 3068
27 3092
27 2481
28 1685
28 1261
28 1928
28 2849
28 3158
28 441
28 1755
28 2046
28 1873
28 1890
29 1933
29 1268
29 1873
29 1511
29 1848
29 1697
29 2521
29 2762
29 3021
29 334
30 1739
30 3011
30 2537
30 397
30 2864
30 795
30 1511
30 1848
30 2987
30 3150
31 674
31 2826
31 2125
31 1204
31 1721
31 1327
31 1261
31 165
31 2829
31 1929
32 2430
32 2790
32 2934
32 2161
32 2752
32 1961
32 1873
32 1721
32 1504
32 1905
33 1285
33 1617
33 3118
33 2805
33 2133
33 1286
33 1599
33 1404
33 494
33 441
34 1618
34 1882
34 334
34 397
34 647
34 1599
34 1726
34 1440
34 2722
34 1999
35 1474
35 762
35 2516
35 2836
35 351
35 646
35 937
35 494
35 2166
35 1873
36 1265
36 2084
36 2982
36 2698
36 1548
36 2215
36 2060
36 2836
36 1184
36 2733
37 3021
37 2060
37 1844
37 1003
37 3103
37 3141
37 3097
37 2046
37 2537
37 2535
38 1873
38 1323
38 3103
38 1678
38 1431
38 1739
38 1931
38 2845
38 2247
38 2642
39 1678
39 3103
39 1614
39 1431
39 2254
39 2799
39 2627
39 527
39 762
39 2084
40 1678
40 1431
40 762
40 2084
40 2060
40 1485
40 2254
40 1457
40 527
40 3150
41 3148
41 3082
41 2685
41 1755
41 2276
41 1948
41 2668
41 3118
41 1505
41 1511
42 2215
42 1653
42 2494
42 1265
42 591
42 589
42 590
42 708
42 2617
42 2107
43 3046
43 3052
43 2829
43 2754
43 999
43 1265
43 2685
43 2751
43 1404
43 1844
44 2829
44 1404
44 2125
44 2494
44 2771
44 2751
44 2523
44 1260
44 1003
44 1435
45 3002
45 1194
45 2765
45 1267
45 2318
45 849
45 397
45 2319
45 2358
45 3181
46 1653
46 1457
46 2288
46 2494
46 1194
46 1267
46 2598
46 661
46 591
46 589
47 2288
47 118
47 2598
47 1194
47 1457
47 2451
47 2263
47 1684
47 2453
47 2046
48 1431
48 1873
48 2553
48 2502
48 2464
48 1755
48 1678
48 2884
48 3166
48 3019
49 2288
49 795
49 1457
49 1848
49 1678
49 2358
49 2163
49 1511
49 1267
49 3150
50 2288
50 3075
50 3156
50 1457
50 1158
50 2685
50 2896
50 2700
50 1204
50 1684
51 3075
51 1873
51 1158
51 3156
51 2685
51 2884
51 3166
51 2700
51 2896
51 1684
52 1928
52 2749
52 1030
52 1890
52 678
52 2829
52 2218
52 104
52 1261
52 1435
53 2028
53 2608
53 1948
53 2046
53 514
53 1097
53 2758
53 972
53 323
53 351
54 1678
54 3103
54 1323
54 2972
54 2155
54 762
54 2264
54 3055
54 2046
54 3081
55 1739
55 2921
55 2650
55 3056
55 1453
55 2617
55 3082
55 1962
55 3009
55 762
56 1739
56 1678
56 2921
56 1453
56 2650
56 397
56 762
56 2084
56 2166
56 1948
57 196
57 1755
57 3077
57 1132
57 2700
57 3161
57 2113
57 1194
57 2802
57 1323
58 2488
58 266
58 1474
58 3049
58 2634
58 1511
58 1848
58 1755
58 1873
58 156
59 2111
59 2753
59 1457
59 1873
59 354
59 778
59 1818
59 1194
59 1441
59 2288
60 2967
60 1532
60 234
60 3011
60 1844
60 2817
60 3092
60 2491
60 2516
60 1518
61 397
61 1457
61 2451
61 2494
61 818
61 1194
61 2288
61 849
61 2765
61 1927
62 2430
62 2790
62 1961
62 2685
62 1158
62 1948
62 2401
62 2896
62 2076
62 2580
63 1873
63 1158
63 2685
63 2884
63 3166
63 2896
63 2263
63 2700
63 3075
63 3073
64 527
64 1853
64 1873
64 2513
64 1717
64 482
64 397
64 1437
64 2762
64 1931
