1 1827
1 1680
1 1264
1 1844
1 2319
1 2188
1 1523
1 1885
1 1938
1 1315
2 3059
2 1379
2 531
2 670
2 1470
2 1727
2 2002
2 2931
2 1931
2 2233
3 1366
3 2233
3 2931
3 1135
3 3077
3 1098
3 1003
3 2002
3 1650
3 1727
4 2931
4 2233
4 1727
4 3077
4 2002
4 2916
4 1135
4 2342
4 1366
4 1003
5 2233
5 2931
5 2002
5 1366
5 1727
5 3077
5 2470
5 1194
5 2911
5 2916
6 2233
6 2931
6 1727
6 2916
6 2002
6 3077
6 2911
6 1003
6 2470
6 2721
7 2233
7 2931
7 3077
7 1366
7 2002
7 1727
7 1135
7 1003
7 2342
7 2198
8 2217
8 1928
8 2931
8 3077
8 531
8 3076
8 1315
8 1387
8 2852
8 1572
9 1928
9 2198
9 3077
9 3076
9 2358
9 2931
9 1366
9 1387
9 1572
9 2317
10 1366
10 1098
10 2316
10 2645
10 1811
10 2705
10 3077
10 2406
10 2851
10 2217
11 2923
11 1366
11 3077
11 1098
11 2208
11 2316
11 2699
11 3148
11 3150
11 2705
12 3068
12 1462
12 2198
12 2319
12 2882
12 2985
12 2138
12 2740
12 3127
12 3150
13 2897
13 48
13 2217
13 2645
13 397
13 1726
13 1030
13 1066
13 1315
13 1651
14 2233
14 1135
14 3015
14 1727
14 1366
14 1650
14 2002
14 1879
14 1726
14 2931
15 2233
15 2002
15 1366
15 2931
15 1135
15 3015
15 3077
15 2198
15 3160
15 2734
16 2931
16 2002
16 2233
16 1135
16 1366
16 2198
16 3077
16 3160
16 1003
16 1928
17 2233
17 1366
17 2002
17 2931
17 1135
17 3077
17 2198
17 2342
17 2470
17 2734
18 1366
18 3077
18 1098
18 1811
18 2233
18 2217
18 48
18 2897
18 1680
18 2734
19 3166
19 2692
19 2884
19 2902
19 2767
19 2263
19 2273
19 2146
19 2674
19 2714
20 3152
20 321
20 2263
20 2692
20 2931
20 2598
20 670
20 1671
20 1961
20 2020
21 1366
21 409
21 2002
21 2931
21 796
21 1680
21 3077
21 2092
21 2233
21 2470
22 1366
22 2931
22 3077
22 1003
22 2572
22 2341
22 1928
22 2217
22 3081
22 531
23 1366
23 409
23 2092
23 1680
23 2002
23 3077
23 796
23 1525
23 1928
23 2060
24 2342
24 3043
24 3141
24 1135
24 2740
24 1748
24 3073
24 3078
24 20
24 3120
25 1366
25 2233
25 2002
25 2198
25 3077
25 2812
25 2931
25 1003
25 1653
25 1844
26 2939
26 1387
26 1572
26 2198
26 2317
26 2931
26 3011
26 3034
26 531
26 1641
27 2198
27 2233
27 1135
27 3015
27 2002
27 2358
27 2864
27 1727
27 1811
27 2297
28 2233
28 2931
28 1727
28 2916
28 3077
28 2217
28 1003
28 2002
28 1366
28 2470
29 1366
29 531
29 1933
29 409
29 796
29 1768
29 1783
29 2233
29 1680
29 1924
30 2144
30 2198
30 2985
30 2479
30 2702
30 2882
30 1936
30 2931
30 1572
30 2020
31 2233
31 2931
31 1727
31 2002
31 3077
31 2470
31 670
31 2911
31 1366
31 1936
32 2233
32 1727
32 2931
32 2916
32 2911
32 2002
32 2692
32 1003
32 2470
32 1936
33 2233
33 1727
33 2931
33 2916
33 2002
33 1003
33 1135
33 2911
33 3015
33 3160
34 2233
34 1727
34 2931
34 2002
34 2851
34 1135
34 1366
34 3015
34 1650
34 2178
35 2233
35 2931
35 2002
35 1366
35 278
35 2714
35 3077
35 2198
35 2916
35 1135
36 2061
36 1265
36 1162
36 2030
36 1454
36 1455
36 1768
36 2786
36 2703
36 1315
37 2233
37 1727
37 2931
37 2470
37 2002
37 2916
37 1936
37 1003
37 2911
37 3048
38 2931
38 1727
38 2233
38 1936
38 1408
38 2470
38 1003
38 2916
38 2002
38 1470
39 2931
39 2233
39 2002
39 1366
39 1135
39 3077
39 2198
39 3015
39 1470
39 1727
40 2233
40 2931
40 2916
40 1727
40 2911
40 1936
40 1366
40 2470
40 2002
40 1098
41 2233
41 1366
41 2002
41 3077
41 2931
41 2198
41 2342
41 2470
41 1928
41 2734
42 1366
42 1653
42 1680
42 2812
42 796
42 40
42 2370
42 1719
42 2233
42 2535
43 2233
43 1366
43 2002
43 3077
43 1135
43 2198
43 2931
43 2734
43 1003
43 1844
44 1404
44 2233
44 2829
44 1366
44 1003
44 2494
44 1135
44 1650
44 2812
44 2002
45 2233
45 2002
45 2931
45 1194
45 2470
45 1135
45 1727
45 1003
45 1976
45 1366
46 2233
46 2931
46 2002
46 1366
46 2470
46 1727
46 2198
46 1194
46 3077
46 670
47 2233
47 2931
47 1727
47 2002
47 1936
47 1003
47 3015
47 2916
47 1844
47 1135
48 2233
48 1727
48 2931
48 2916
48 2002
48 1135
48 2198
48 1003
48 3015
48 3160
49 2233
49 1727
49 2916
49 2931
49 2198
49 1003
49 2002
49 1135
49 2990
49 2721
50 1811
50 1457
50 2931
50 2990
50 2572
50 2598
50 2882
50 3134
50 531
50 1641
51 1366
51 409
51 1680
51 1811
51 2002
51 796
51 2092
51 2233
51 2342
51 2470
52 1366
52 1928
52 2931
52 2721
52 3077
52 2979
52 796
52 2233
52 2002
52 2572
53 2714
53 2144
53 2096
53 278
53 1423
53 717
53 2986
53 241
53 495
53 2981
54 2233
54 1135
54 2002
54 1366
54 3077
54 2931
54 3015
54 2198
54 2178
54 1650
55 2002
55 2233
55 1366
55 2931
55 1650
55 1135
55 2194
55 3015
55 1098
55 1470
56 2233
56 2931
56 1727
56 2002
56 1366
56 2470
56 2198
56 2911
56 2916
56 3077
57 3077
57 2931
57 2233
57 1003
57 1844
57 1727
57 2219
57 1470
57 2002
57 1135
58 1366
58 2002
58 2233
58 2931
58 2470
58 3077
58 1650
58 1827
58 1844
58 1727
59 2233
59 2931
59 2002
59 1366
59 3077
59 1470
59 1650
59 2194
59 2753
59 2033
60 2002
60 2931
60 1844
60 2753
60 670
60 1379
60 2233
60 3142
60 1572
60 2020
61 2233
61 1727
61 2002
61 2931
61 1470
61 2916
61 2033
61 1135
61 1936
61 2851
62 1366
62 2217
62 2164
62 2233
62 2342
62 3077
62 1379
62 2931
62 1727
62 2734
63 1366
63 409
63 3077
63 2342
63 2233
63 2263
63 2734
63 1680
63 2753
63 2968
64 2931
64 2470
64 2002
64 2753
64 1390
64 497
64 2144
64 2484
64 409
64 1366
