1 1827
1 2947
1 1225
1 1605
1 2424
1 637
1 1161
1 1391
1 1698
1 1506
2 2434
2 1010
2 2786
2 2177
2 1741
2 2863
2 3144
2 1379
2 2342
2 2534
3 1988
3 1723
3 1852
3 252
3 3171
3 1787
3 3105
3 1350
3 205
3 265
4 3008
4 2905
4 1978
4 3103
4 2177
4 2902
4 1272
4 2377
4 1159
4 2750
5 2035
5 1642
5 2957
5 2357
5 2380
5 2710
5 2542
5 1742
5 2860
5 1159
6 417
6 2826
6 2230
6 1443
6 2986
6 1341
6 2900
6 2896
6 3069
6 1978
7 2903
7 3006
7 2111
7 1948
7 1609
7 2912
7 2454
7 46
7 2094
7 2679
8 2625
8 2541
8 1869
8 912
8 1677
8 2320
8 1928
8 492
8 2358
8 2951
9 2138
9 2095
9 3137
9 92
9 1226
9 2738
9 3078
9 3068
9 104
9 2882
10 2514
10 2785
10 2851
10 2266
10 2931
10 3075
10 1795
10 249
10 1306
10 1846
11 2699
11 2906
11 724
11 2091
11 3171
11 1923
11 2956
11 3077
11 2198
11 2717
12 2080
12 2095
12 2184
12 2317
12 2320
12 2374
12 2582
12 2622
12 696
12 2849
13 1235
13 1542
13 1947
13 1564
13 1886
13 2537
13 2559
13 2929
13 3080
13 1234
14 1752
14 3131
14 2679
14 1462
14 2716
14 2598
14 2890
14 3075
14 3164
14 1680
15 1231
15 2537
15 2929
15 3054
15 2835
15 2344
15 1410
15 3125
15 3053
15 3018
16 2582
16 2266
16 3026
16 2622
16 2629
16 243
16 1072
16 3039
16 2688
16 1960
17 1223
17 3053
17 2253
17 3005
17 1564
17 1523
17 2491
17 1947
17 1676
17 210
18 1988
18 1389
18 1795
18 2423
18 2138
18 3075
18 1223
18 2266
18 2685
18 2767
19 2570
19 2838
19 2433
19 1957
19 2557
19 3075
19 2973
19 950
19 1468
19 1601
20 2695
20 2986
20 2766
20 2769
20 2484
20 2289
20 1423
20 2232
20 1504
20 1563
21 2189
21 2325
21 719
21 1462
21 1496
21 1619
21 1811
21 2454
21 2524
21 2749
22 2751
22 1915
22 2913
22 2924
22 1978
22 3193
22 1908
22 1671
22 1272
22 144
23 2524
23 2838
23 1411
23 3148
23 2454
23 2766
23 2630
23 2855
23 1946
23 2832
24 20
24 3120
24 1194
24 2931
24 1410
24 942
24 3072
24 3073
24 1540
24 1541
25 2318
25 2268
25 3136
25 1908
25 3072
25 2812
25 143
25 1631
25 3026
25 1938
26 3105
26 2080
26 2320
26 2632
26 2541
26 2314
26 59
26 84
26 86
26 251
27 2582
27 2406
27 2988
27 856
27 1462
27 1959
27 1247
27 2852
27 2435
27 3026
28 3032
28 3158
28 1870
28 417
28 1062
28 2918
28 2449
28 2986
28 3103
28 2371
29 2524
29 1691
29 2605
29 1933
29 3131
29 1171
29 1710
29 1257
29 1420
29 1728
30 2541
30 3142
30 1267
30 1415
30 2988
30 2314
30 1908
30 300
30 440
30 1462
31 696
31 2971
31 3112
31 3130
31 1428
31 2753
31 2438
31 2787
31 1676
31 1264
32 2177
32 2630
32 1563
32 2490
32 1504
32 2289
32 1145
32 2015
32 1551
32 3139
33 1867
33 3016
33 2261
33 1364
33 2798
33 1722
33 1147
33 1325
33 2486
33 2695
34 2833
34 2808
34 1386
34 2749
34 2921
34 332
34 2946
34 1908
34 1259
34 1626
35 1999
35 2836
35 2450
35 3175
35 3203
35 1393
35 2166
35 1397
35 2266
35 2094
36 2794
36 2836
36 1265
36 1350
36 1768
36 2112
36 2110
36 2698
36 1012
36 1184
37 2265
37 2527
37 1388
37 2184
37 3106
37 2051
37 2749
37 3014
37 2252
37 1768
38 2905
38 1530
38 3069
38 1824
38 3059
38 2986
38 3032
38 1698
38 2912
38 3177
39 1902
39 3105
39 3101
39 2082
39 2940
39 3198
39 1861
39 2843
39 595
39 1878
40 2705
40 1098
40 1852
40 1626
40 3148
40 3105
40 3198
40 1902
40 1366
40 2733
41 2111
41 1164
41 2127
41 3025
41 2816
41 3026
41 2372
41 2406
41 238
41 2373
42 462
42 2849
42 2402
42 2215
42 1526
42 2829
42 1726
42 2894
42 893
42 1427
43 2847
43 2569
43 3107
43 2754
43 2801
43 3046
43 1350
43 1769
43 1888
43 1889
44 1260
44 2523
44 1404
44 461
44 525
44 912
44 931
44 2387
44 2829
44 2447
45 2988
45 2957
45 3136
45 1412
45 3103
45 3181
45 2526
45 1515
45 2542
45 1456
46 1948
46 2059
46 3193
46 944
46 1032
46 1457
46 2542
46 2452
46 3093
46 329
47 2516
47 2832
47 1359
47 1681
47 944
47 1506
47 1699
47 1271
47 2988
47 1032
48 2032
48 1924
48 1848
48 95
48 1066
48 2646
48 2094
48 1270
48 2722
48 2624
49 2624
49 2407
49 2262
49 2852
49 1636
49 2882
49 1380
49 2988
49 651
49 652
50 1680
50 634
50 1960
50 2543
50 1457
50 2714
50 2631
50 3075
50 1456
50 1699
51 3075
51 1728
51 2557
51 2570
51 2838
51 2714
51 3006
51 2175
51 2450
51 2645
52 104
52 1912
52 3048
52 2721
52 1637
52 2767
52 1427
52 2829
52 2902
52 2936
53 1186
53 679
53 139
53 2229
53 514
53 569
53 727
53 2210
53 48
53 203
54 2155
54 3031
54 1471
54 2178
54 2326
54 1861
54 2254
54 1135
54 2204
54 2733
55 1739
55 1355
55 1896
55 1898
55 1993
55 2921
55 1379
55 3034
55 1152
55 1999
56 1216
56 1678
56 2317
56 3077
56 2842
56 1048
56 1703
56 1824
56 1237
56 3198
57 277
57 333
57 348
57 349
57 350
57 353
57 355
57 525
57 681
57 1132
58 2994
58 2986
58 2604
58 1869
58 2766
58 1957
58 1200
58 1344
58 1410
58 1674
59 1888
59 1488
59 1264
59 1152
59 3196
59 3158
59 28
59 344
59 510
59 544
60 1462
60 2989
60 3026
60 2771
60 2421
60 1972
60 1572
60 3034
60 1988
60 3138
61 2711
61 634
61 2994
61 2986
61 1674
61 944
61 2771
61 1711
61 3129
61 1988
62 3175
62 2220
62 2515
62 2560
62 1368
62 1888
62 3096
62 2200
62 1143
62 2702
63 2557
63 3075
63 2973
63 2851
63 2679
63 2570
63 2283
63 2692
63 1171
63 2195
64 2232
64 2712
64 497
64 677
64 973
64 2625
64 2990
64 2622
64 1890
64 2922
