1 9
1 20
1 23
1 24
1 29
1 40
1 52
1 55
1 58
1 68
2 397
2 1046
2 27
2 33
2 36
2 51
2 77
2 80
2 98
2 102
3 100
3 205
3 254
3 637
3 695
3 799
3 1007
3 1012
3 1135
3 1159
4 1
4 11
4 14
4 16
4 17
4 20
4 21
4 23
4 25
4 26
5 4
5 7
5 8
5 10
5 13
5 19
5 20
5 23
5 36
5 40
6 4
6 7
6 8
6 10
6 13
6 19
6 20
6 23
6 36
6 40
7 270
7 321
7 371
7 409
7 717
7 719
7 804
7 950
7 1122
7 1145
8 40
8 71
8 332
8 492
8 615
8 796
8 912
8 1677
8 1869
8 1879
9 4
9 7
9 8
9 10
9 13
9 19
9 20
9 23
9 36
9 40
10 34
10 35
10 42
10 83
10 119
10 121
10 194
10 210
10 220
10 532
11 40
11 48
11 74
11 81
11 111
11 198
11 232
11 281
11 367
11 495
12 322
12 585
12 696
12 698
12 825
12 856
12 1033
12 1050
12 1069
12 1226
13 31
13 48
13 66
13 93
13 123
13 124
13 144
13 195
13 230
13 243
14 270
14 321
14 371
14 409
14 717
14 719
14 804
14 950
14 1122
14 1145
15 121
15 123
15 144
15 202
15 278
15 282
15 284
15 298
15 457
15 495
16 121
16 123
16 144
16 202
16 278
16 282
16 284
16 298
16 457
16 495
17 4
17 7
17 8
17 10
17 13
17 19
17 20
17 23
17 36
17 40
18 4
18 7
18 8
18 10
18 13
18 19
18 20
18 23
18 36
18 40
19 270
19 321
19 371
19 409
19 717
19 719
19 804
19 950
19 1122
19 1145
20 270
20 321
20 371
20 409
20 717
20 719
20 804
20 950
20 1122
20 1145
21 270
21 321
21 371
21 409
21 717
21 719
21 804
21 950
21 1122
21 1145
22 1
22 11
22 14
22 16
22 17
22 20
22 21
22 23
22 25
22 26
23 270
23 321
23 371
23 409
23 717
23 719
23 804
23 950
23 1122
23 1145
24 20
24 78
24 95
24 111
24 293
24 298
24 440
24 497
24 927
24 942
25 4
25 7
25 8
25 10
25 13
25 19
25 20
25 23
25 36
25 40
26 2716
26 2938
26 59
26 84
26 86
26 104
26 121
26 123
26 202
26 236
27 71
27 320
27 417
27 670
27 971
27 1001
27 1083
27 1135
27 1267
27 1385
28 270
28 321
28 371
28 409
28 717
28 719
28 804
28 950
28 1122
28 1145
29 270
29 321
29 371
29 409
29 717
29 719
29 804
29 950
29 1122
29 1145
30 397
30 1046
30 111
30 320
30 644
30 691
30 727
30 848
30 892
30 893
31 721
31 797
31 946
31 983
31 986
31 1008
31 1016
31 1063
31 1064
31 1065
32 270
32 321
32 371
32 409
32 717
32 719
32 804
32 950
32 1122
32 1145
33 1
33 11
33 14
33 16
33 17
33 20
33 21
33 23
33 25
33 26
34 9
34 20
34 23
34 24
34 29
34 40
34 52
34 55
34 58
34 68
35 1
35 21
35 44
35 54
35 55
35 93
35 99
35 284
35 393
35 964
36 29
36 30
36 112
36 124
36 125
36 126
36 127
36 128
36 129
36 130
37 1
37 11
37 14
37 16
37 17
37 20
37 21
37 23
37 25
37 26
38 1
38 11
38 14
38 16
38 17
38 20
38 21
38 23
38 25
38 26
39 253
39 1323
39 1469
39 1678
39 1747
39 2437
39 2684
39 2701
39 2705
39 2851
40 298
40 536
40 892
40 1066
40 1290
40 1472
40 1517
40 1609
40 1847
40 1879
41 270
41 321
41 371
41 409
41 717
41 719
41 804
41 950
41 1122
41 1145
42 4
42 7
42 8
42 10
42 13
42 19
42 20
42 23
42 36
42 40
43 85
43 167
43 238
43 284
43 329
43 396
43 441
43 461
43 464
43 492
44 85
44 167
44 238
44 284
44 329
44 396
44 441
44 461
44 464
44 492
45 4
45 7
45 8
45 10
45 13
45 19
45 20
45 23
45 36
45 40
46 4
46 7
46 8
46 10
46 13
46 19
46 20
46 23
46 36
46 40
47 1
47 11
47 14
47 16
47 17
47 20
47 21
47 23
47 25
47 26
48 29
48 30
48 112
48 124
48 125
48 126
48 127
48 128
48 129
48 130
49 123
49 124
49 243
49 269
49 321
49 332
49 409
49 492
49 616
49 644
50 6
50 12
50 38
50 40
50 41
50 46
50 48
50 59
50 68
50 69
51 270
51 321
51 371
51 409
51 717
51 719
51 804
51 950
51 1122
51 1145
52 4
52 7
52 8
52 10
52 13
52 19
52 20
52 23
52 36
52 40
53 139
53 514
53 569
53 679
53 1186
53 2229
53 89
53 373
53 495
53 503
54 1
54 11
54 14
54 16
54 17
54 20
54 21
54 23
54 25
54 26
55 1470
55 1962
55 1324
55 1612
55 1696
55 1846
55 2450
55 2567
55 2625
55 2632
56 1
56 21
56 44
56 54
56 55
56 93
56 99
56 284
56 393
56 964
57 1
57 11
57 14
57 16
57 17
57 20
57 21
57 23
57 25
57 26
58 270
58 321
58 371
58 409
58 717
58 719
58 804
58 950
58 1122
58 1145
59 1408
59 2060
59 2688
59 2715
59 2816
59 3027
59 4
59 7
59 8
59 10
60 4
60 7
60 8
60 10
60 13
60 19
60 20
60 23
60 36
60 40
61 63
61 848
61 1170
61 1235
61 1324
61 1332
61 1341
61 1394
61 1412
61 1413
62 4
62 7
62 8
62 10
62 13
62 19
62 20
62 23
62 36
62 40
63 270
63 321
63 371
63 409
63 717
63 719
63 804
63 950
63 1122
63 1145
64 121
64 123
64 144
64 202
64 278
64 282
64 284
64 298
64 457
64 495
